{'label': 'PW ramps global O2 fit (CR_early_0p00_0p06)',
 'n_solid': 1.0,
 'alpha_range_used': (0.0, 0.06),
 'time_window_used': (32.0, 195.0),
 'beta_K_per_time': 3.0,
 'E_A_kJ_per_mol': 0.0,
 'A': 0.0,
 'm_o2': 0.5390763183539894,
 'r2': 0.11573316838786563}
