{'label': 'PW ramps global O2 fit (CR_mid_0p05_0p20)',
 'n_solid': 1.0,
 'alpha_range_used': (0.05, 0.2),
 'time_window_used': (32.0, 195.0),
 'beta_K_per_time': 3.0,
 'E_A_kJ_per_mol': 114.97332856308758,
 'A': 39416437.10894947,
 'm_o2': 0.5856759468242099,
 'r2': 0.9938469006322098}
