{'label': 'PW ramps global O2 fit (CR_std_0p10_0p80)',
 'n_solid': 1.0,
 'alpha_range_used': (0.1, 0.8),
 'time_window_used': (32.0, 195.0),
 'beta_K_per_time': 3.0,
 'E_A_kJ_per_mol': 122.05749647353107,
 'A': 181429153.16026363,
 'm_o2': 0.6869054619585758,
 'r2': 0.9935349329010708}
