{'label': 'WS ramps global O2 fit (CR_mid_0p05_0p20)',
 'n_solid': 1.0,
 'alpha_range_used': (0.05, 0.2),
 'time_window_used': (32.0, 195.0),
 'beta_K_per_time': 3.0,
 'E_A_kJ_per_mol': 105.51715870957283,
 'A': 18580107.749480277,
 'm_o2': 0.3274418964899824,
 'r2': 0.9953828563123648}
