{'label': 'BRF ramps global O2 fit (CR_std_0p10_0p80)',
 'n_solid': 1.0,
 'alpha_range_used': (0.1, 0.8),
 'time_window_used': (32.0, 195.0),
 'beta_K_per_time': 3.0,
 'E_A_kJ_per_mol': 101.13958562334615,
 'A': 36005547.44295172,
 'm_o2': 0.5503870696900801,
 'r2': 0.9769829488264266}
